0 79 32 117 123 103 163 185 91 67 57 163 138 146 112 27 72 80 147 94 101 174 48 188 165 52 72 156 44 129 49 97
79 0 83 168 174 154 98 236 142 118 34 98 73 81 47 64 33 131 198 29 152 225 57 239 216 103 123 207 95 64 42 32
32 83 0 109 115 95 167 177 83 59 61 167 142 150 116 31 76 72 139 98 93 166 52 180 157 44 64 148 36 133 53 101
117 168 109 0 24 28 252 86 56 70 146 252 227 235 201 116 161 59 48 183 40 75 137 89 66 79 61 57 91 218 138 186
123 174 115 24 0 34 258 74 62 76 152 258 233 241 207 122 167 65 36 189 46 63 143 77 54 85 67 45 97 224 144 192
103 154 95 28 34 0 238 96 42 56 132 238 213 221 187 102 147 45 58 169 26 85 123 99 76 65 47 67 77 204 124 172
163 98 167 252 258 238 0 320 226 202 118 28 47 35 61 148 117 215 282 93 236 309 141 323 300 187 207 291 179 60 126 76
185 236 177 86 74 96 320 0 124 138 214 320 295 303 269 184 229 127 68 251 108 27 205 15 48 147 129 57 159 286 206 254
91 142 83 56 62 42 226 124 0 44 120 226 201 209 175 90 135 33 86 157 40 113 111 127 104 53 35 95 65 192 112 160
67 118 59 70 76 56 202 138 44 0 96 202 177 185 151 66 111 33 100 133 54 127 87 141 118 29 25 109 41 168 88 136
57 34 61 146 152 132 118 214 120 96 0 118 93 101 67 42 27 109 176 49 130 203 35 217 194 81 101 185 73 84 20 52
163 98 167 252 258 238 28 320 226 202 118 0 47 35 61 148 117 215 282 93 236 309 141 323 300 187 207 291 179 60 126 76
138 73 142 227 233 213 47 295 201 177 93 47 0 30 36 123 92 190 257 68 211 284 116 298 275 162 182 266 154 35 101 51
146 81 150 235 241 221 35 303 209 185 101 35 30 0 44 131 100 198 265 76 219 292 124 306 283 170 190 274 162 43 109 59
112 47 116 201 207 187 61 269 175 151 67 61 36 44 0 97 66 164 231 42 185 258 90 272 249 136 156 240 128 27 75 25
27 64 31 116 122 102 148 184 90 66 42 148 123 131 97 0 57 79 146 79 100 173 33 187 164 51 71 155 43 114 34 82
72 33 76 161 167 147 117 229 135 111 27 117 92 100 66 57 0 124 191 48 145 218 50 232 209 96 116 200 88 83 35 51
80 131 72 59 65 45 215 127 33 33 109 215 190 198 164 79 124 0 89 146 43 116 100 130 107 42 24 98 54 181 101 149
147 198 139 48 36 58 282 68 86 100 176 282 257 265 231 146 191 89 0 213 70 57 167 71 48 109 91 39 121 248 168 216
94 29 98 183 189 169 93 251 157 133 49 93 68 76 42 79 48 146 213 0 167 240 72 254 231 118 138 222 110 59 57 27
101 152 93 40 46 26 236 108 40 54 130 236 211 219 185 100 145 43 70 167 0 97 121 111 88 63 45 79 75 202 122 170
174 225 166 75 63 85 309 27 113 127 203 309 284 292 258 173 218 116 57 240 97 0 194 30 37 136 118 46 148 275 195 243
48 57 52 137 143 123 141 205 111 87 35 141 116 124 90 33 50 100 167 72 121 194 0 208 185 72 92 176 64 107 27 75
188 239 180 89 77 99 323 15 127 141 217 323 298 306 272 187 232 130 71 254 111 30 208 0 51 150 132 60 162 289 209 257
165 216 157 66 54 76 300 48 104 118 194 300 275 283 249 164 209 107 48 231 88 37 185 51 0 127 109 37 139 266 186 234
52 103 44 79 85 65 187 147 53 29 81 187 162 170 136 51 96 42 109 118 63 136 72 150 127 0 34 118 26 153 73 121
72 123 64 61 67 47 207 129 35 25 101 207 182 190 156 71 116 24 91 138 45 118 92 132 109 34 0 100 46 173 93 141
156 207 148 57 45 67 291 57 95 109 185 291 266 274 240 155 200 98 39 222 79 46 176 60 37 118 100 0 130 257 177 225
44 95 36 91 97 77 179 159 65 41 73 179 154 162 128 43 88 54 121 110 75 148 64 162 139 26 46 130 0 145 65 113
129 64 133 218 224 204 60 286 192 168 84 60 35 43 27 114 83 181 248 59 202 275 107 289 266 153 173 257 145 0 92 42
49 42 53 138 144 124 126 206 112 88 20 126 101 109 75 34 35 101 168 57 122 195 27 209 186 73 93 177 65 92 0 60
97 32 101 186 192 172 76 254 160 136 52 76 51 59 25 82 51 149 216 27 170 243 75 257 234 121 141 225 113 42 60 0