0 186 298 200 66 81 249 17 145 268 276 110 54 25 152 172 26 215 187 89 317 134 307 170 262 50 147 95 320 103 225 239
186 0 140 42 130 133 91 189 51 110 118 86 144 197 46 26 170 57 29 127 159 82 149 40 104 164 65 113 162 97 67 81
298 140 0 108 242 245 75 301 163 52 34 198 256 309 158 138 282 107 123 239 45 194 35 152 64 276 177 225 48 209 93 77
200 42 108 0 144 147 59 203 65 78 86 100 158 211 60 40 184 25 25 141 127 96 117 54 72 178 79 127 130 111 35 49
66 130 242 144 0 25 193 69 89 212 220 54 24 77 96 116 50 159 131 33 261 78 251 114 206 44 91 39 264 47 169 183
81 133 245 147 25 0 196 84 92 215 223 57 39 92 99 119 65 162 134 36 264 81 254 117 209 59 94 42 267 50 172 186
249 91 75 59 193 196 0 252 114 45 53 149 207 260 109 89 233 58 74 190 94 145 84 103 39 227 128 176 97 160 44 28
17 189 301 203 69 84 252 0 148 271 279 113 57 18 155 175 29 218 190 92 320 137 310 173 265 53 150 98 323 106 228 242
145 51 163 65 89 92 114 148 0 133 141 45 103 156 17 37 129 80 52 86 182 41 172 35 127 123 24 72 185 56 90 104
268 110 52 78 212 215 45 271 133 0 30 168 226 279 128 108 252 77 93 209 71 164 61 122 34 246 147 195 74 179 63 47
276 118 34 86 220 223 53 279 141 30 0 176 234 287 136 116 260 85 101 217 53 172 43 130 42 254 155 203 56 187 71 55
110 86 198 100 54 57 149 113 45 168 176 0 68 121 52 72 94 115 87 51 217 34 207 70 162 88 47 37 220 21 125 139
54 144 256 158 24 39 207 57 103 226 234 68 0 65 110 130 38 173 145 47 275 92 265 128 220 32 105 53 278 61 183 197
25 197 309 211 77 92 260 18 156 279 287 121 65 0 163 183 37 226 198 100 328 145 318 181 273 61 158 106 331 114 236 250
152 46 158 60 96 99 109 155 17 128 136 52 110 163 0 32 136 75 47 93 177 48 167 30 122 130 31 79 180 63 85 99
172 26 138 40 116 119 89 175 37 108 116 72 130 183 32 0 156 55 27 113 157 68 147 26 102 150 51 99 160 83 65 79
26 170 282 184 50 65 233 29 129 252 260 94 38 37 136 156 0 199 171 73 301 118 291 154 246 34 131 79 304 87 209 223
215 57 107 25 159 162 58 218 80 77 85 115 173 226 75 55 199 0 40 156 126 111 116 69 71 193 94 142 129 126 34 48
187 29 123 25 131 134 74 190 52 93 101 87 145 198 47 27 171 40 0 128 142 83 132 41 87 165 66 114 145 98 50 64
89 127 239 141 33 36 190 92 86 209 217 51 47 100 93 113 73 156 128 0 258 75 248 111 203 67 88 36 261 44 166 180
317 159 45 127 261 264 94 320 182 71 53 217 275 328 177 157 301 126 142 258 0 213 26 171 83 295 196 244 17 228 112 96
134 82 194 96 78 81 145 137 41 164 172 34 92 145 48 68 118 111 83 75 213 0 203 66 158 112 43 61 216 45 121 135
307 149 35 117 251 254 84 310 172 61 43 207 265 318 167 147 291 116 132 248 26 203 0 161 73 285 186 234 29 218 102 86
170 40 152 54 114 117 103 173 35 122 130 70 128 181 30 26 154 69 41 111 171 66 161 0 116 148 49 97 174 81 79 93
262 104 64 72 206 209 39 265 127 34 42 162 220 273 122 102 246 71 87 203 83 158 73 116 0 240 141 189 86 173 57 41
50 164 276 178 44 59 227 53 123 246 254 88 32 61 130 150 34 193 165 67 295 112 285 148 240 0 125 73 298 81 203 217
147 65 177 79 91 94 128 150 24 147 155 47 105 158 31 51 131 94 66 88 196 43 186 49 141 125 0 74 199 58 104 118
95 113 225 127 39 42 176 98 72 195 203 37 53 106 79 99 79 142 114 36 244 61 234 97 189 73 74 0 247 30 152 166
320 162 48 130 264 267 97 323 185 74 56 220 278 331 180 160 304 129 145 261 17 216 29 174 86 298 199 247 0 231 115 99
103 97 209 111 47 50 160 106 56 179 187 21 61 114 63 83 87 126 98 44 228 45 218 81 173 81 58 30 231 0 136 150
225 67 93 35 169 172 44 228 90 63 71 125 183 236 85 65 209 34 50 166 112 121 102 79 57 203 104 152 115 136 0 34
239 81 77 49 183 186 28 242 104 47 55 139 197 250 99 79 223 48 64 180 96 135 86 93 41 217 118 166 99 150 34 0
