32
0	1564	1092	1207	1458	1362	1194	1305	1729	1089	1450	1143	1641	1985	1096	1912	1409	1721	1974	1273	1688	1047	1656	1916	1335	1582	2043	1490	1189	1830	1568	1055	
1564	0	1309	1618	1986	1136	1061	2012	1363	1940	1594	1815	1883	2028	1817	1535	1702	1276	1620	1434	1923	1700	1910	1753	1537	1730	1834	2026	1973	1480	1651	1609	
1092	1309	0	1704	1723	1995	1419	1138	1584	1675	1699	1247	1888	1184	1343	1558	1460	1142	2004	1313	1073	1050	1356	1344	1866	1975	1722	1163	1708	2008	1860	1167	
1207	1618	1704	0	1251	2011	1056	1455	1320	1881	1809	1530	1413	1918	2000	1958	1740	1424	1353	1731	1628	1070	2033	1901	1062	1116	1372	1137	1465	2020	1687	1214	
1458	1986	1723	1251	0	1825	1836	1991	1252	1271	1640	1515	1882	1977	1386	1422	1947	1736	1366	1957	1794	1696	1776	1482	1915	1198	1432	1492	1509	1720	1240	1041	
1362	1136	1995	2011	1825	0	1518	1426	1709	1707	1097	1927	1196	1328	1806	1244	1868	1686	2039	1570	1405	1195	1533	1452	1086	1666	1619	1545	1935	1517	2021	1028	
1194	1061	1419	1056	1836	1518	0	1289	1762	1692	1791	1544	1599	1121	1301	1100	1818	1500	1048	1774	1610	1307	1680	2047	1495	1158	1960	1853	1635	1682	1408	1066	
1305	2012	1138	1455	1991	1426	1289	0	1760	1206	1487	1411	1845	1347	1037	1077	1486	1511	1053	1101	1104	2032	1519	1216	1472	1338	1505	1895	1861	1429	1592	1793	
1729	1363	1584	1320	1252	1709	1762	1760	0	1667	1261	1539	1332	1670	1285	1786	1336	1925	1621	1228	1993	1456	1310	1446	1117	1684	1294	1789	1800	1308	1695	1359	
1089	1940	1675	1881	1271	1707	1692	1206	1667	0	1842	1404	1970	1897	1254	1042	1650	1661	1046	1330	1223	1526	1586	1049	1316	1257	1078	1796	1920	1629	1636	1420	
1450	1594	1699	1809	1640	1097	1791	1487	1261	1842	0	2013	1146	1613	1212	1560	1032	1745	1448	1733	1029	2010	1154	1751	1627	1231	1099	1765	1290	1051	1801	1064	
1143	1815	1247	1530	1515	1927	1544	1411	1539	1404	2013	0	1779	1278	1785	1038	2044	1510	1406	1329	1777	1236	1679	1033	1160	1624	1072	1076	1174	1036	1090	1375	
1641	1883	1888	1413	1882	1196	1599	1845	1332	1970	1146	1779	0	1807	1180	1103	1162	2024	1201	1164	1443	1381	1606	1875	1841	1040	1602	1798	1894	1961	1286	1471	
1985	2028	1184	1918	1977	1328	1121	1347	1670	1897	1613	1278	1807	0	1978	1541	1282	1030	1388	1210	1249	1464	1224	1590	1208	1045	1057	1589	1754	1880	1235	1177	
1096	1817	1343	2000	1386	1806	1301	1037	1285	1254	1212	1785	1180	1978	0	1166	1772	1439	1964	1331	1611	1976	1563	1556	1665	1060	1088	1966	1711	1571	1617	1898	
1912	1535	1558	1958	1422	1244	1100	1077	1786	1042	1560	1038	1103	1541	1166	0	1713	1668	1277	1351	1211	1389	1887	1314	1258	1203	1165	2007	1921	1232	1819	1431	
1409	1702	1460	1740	1947	1868	1818	1486	1336	1650	1032	2044	1162	1282	1772	1713	0	1725	1820	1694	1757	1885	1677	1265	1878	1874	1107	1425	1997	1843	1369	1281	
1721	1276	1142	1424	1736	1686	1500	1511	1925	1661	1745	1510	2024	1030	1439	1668	1725	0	2022	1524	1085	1327	1248	1752	1528	2036	1714	1241	1604	1156	1345	1764	
1974	1620	2004	1353	1366	2039	1048	1053	1621	1046	1448	1406	1201	1388	1964	1277	1820	2022	0	1778	1449	1662	1357	1852	1532	1280	1676	1559	1660	1272	1724	1531	
1273	1434	1313	1731	1957	1570	1774	1101	1228	1330	1733	1329	1164	1210	1331	1351	1694	1524	1778	0	1685	1365	1652	1598	1377	1302	1616	2042	1266	1378	1306	1494	
1688	1923	1073	1628	1794	1405	1610	1104	1993	1223	1029	1777	1443	1249	1611	1211	1757	1085	1449	1685	0	1063	1485	1069	1321	1632	1481	1623	1171	1283	1863	1392	
1047	1700	1050	1070	1696	1195	1307	2032	1456	1526	2010	1236	1381	1464	1976	1389	1885	1327	1662	1365	1063	0	1802	1543	1572	1557	1421	1717	1159	1326	1996	1858	
1656	1910	1356	2033	1776	1533	1680	1519	1310	1586	1154	1679	1606	1224	1563	1887	1677	1248	1357	1652	1485	1802	0	1587	1437	1956	1954	1844	1726	1719	1131	1698	
1916	1753	1344	1901	1482	1452	2047	1216	1446	1049	1751	1033	1875	1590	1556	1314	1265	1752	1852	1598	1069	1543	1587	0	1466	1469	1337	1081	1080	1182	1397	1913	
1335	1537	1866	1062	1915	1086	1495	1472	1117	1316	1627	1160	1841	1208	1665	1258	1878	1528	1532	1377	1321	1572	1437	1466	0	2014	1607	1118	1622	1522	1811	1644	
1582	1730	1975	1116	1198	1666	1158	1338	1684	1257	1231	1624	1040	1045	1060	1203	1874	2036	1280	1302	1632	1557	1956	1469	2014	0	1849	1200	1638	1865	1889	1931	
2043	1834	1722	1372	1432	1619	1960	1505	1294	1078	1099	1072	1602	1057	1088	1165	1107	1714	1676	1616	1481	1421	1954	1337	1607	1849	0	1706	1324	1846	2017	1743	
1490	2026	1163	1137	1492	1545	1853	1895	1789	1796	1765	1076	1798	1589	1966	2007	1425	1241	1559	2042	1623	1717	1844	1081	1118	1200	1706	0	1233	1396	1153	1094	
1189	1973	1708	1465	1509	1935	1635	1861	1800	1920	1290	1174	1894	1754	1711	1921	1997	1604	1660	1266	1171	1159	1726	1080	1622	1638	1324	1233	0	1295	1512	1588	
1830	1480	2008	2020	1720	1517	1682	1429	1308	1629	1051	1036	1961	1880	1571	1232	1843	1156	1272	1378	1283	1326	1719	1182	1522	1865	1846	1396	1295	0	1506	1649	
1568	1651	1860	1687	1240	2021	1408	1592	1695	1636	1801	1090	1286	1235	1617	1819	1369	1345	1724	1306	1863	1996	1131	1397	1811	1889	2017	1153	1512	1506	0	1554	
1055	1609	1167	1214	1041	1028	1066	1793	1359	1420	1064	1375	1471	1177	1898	1431	1281	1764	1531	1494	1392	1858	1698	1913	1644	1931	1743	1094	1588	1649	1554	0	
