25
0 6029 918 2665 4144 4966 3825 8331 6759 1983 5445 854 2551 4239 8500 2212 1144 4267 8716 1427 7965 6930 3929 2482 541
6029 0 6761 8508 2303 2625 3848 3614 2042 7826 2568 5773 4458 2700 3783 8055 6987 2534 3999 4756 3248 2213 2824 4045 5720
918 6761 0 2969 4876 5698 4557 9063 7491 2287 6177 1586 3283 4971 9232 2516 1448 4999 9448 2159 8697 7662 4661 3214 1273
2665 8508 2969 0 6623 7445 6304 10810 9238 1380 7924 3333 5030 6718 10979 759 2489 6746 11195 3906 10444 9409 6408 4961 3020
4144 2303 4876 6623 0 1240 1963 4605 3033 5941 1719 3888 2573 815 4774 6170 5102 649 4990 2871 4239 3204 939 2160 3835
4966 2625 5698 7445 1240 0 2785 4927 3355 6763 2041 4710 3395 1637 5096 6992 5924 1471 5312 3693 4561 3526 1761 2982 4657
3825 3848 4557 6304 1963 2785 0 6150 4578 5622 3264 3569 2254 2058 6319 5851 4783 2086 6535 2552 5784 4749 1748 1841 3516
8331 3614 9063 10810 4605 4927 6150 0 2488 10128 4870 8075 6760 5002 1193 10357 9289 4836 539 7058 2264 1797 5126 6347 8022
6759 2042 7491 9238 3033 3355 4578 2488 0 8556 3298 6503 5188 3430 2657 8785 7717 3264 2873 5486 2122 1087 3554 4775 6450
1983 7826 2287 1380 5941 6763 5622 10128 8556 0 7242 2651 4348 6036 10297 927 1807 6064 10513 3224 9762 8727 5726 4279 2338
5445 2568 6177 7924 1719 2041 3264 4870 3298 7242 0 5189 3874 2116 5039 7471 6403 1950 5255 4172 4504 3469 2240 3461 5136
854 5773 1586 3333 3888 4710 3569 8075 6503 2651 5189 0 2295 3983 8244 2880 1812 4011 8460 1171 7709 6674 3673 2226 545
2551 4458 3283 5030 2573 3395 2254 6760 5188 4348 3874 2295 0 2668 6929 4577 3509 2696 7145 1278 6394 5359 2358 911 2242
4239 2700 4971 6718 815 1637 2058 5002 3430 6036 2116 3983 2668 0 5171 6265 5197 938 5387 2966 4636 3601 1034 2255 3930
8500 3783 9232 10979 4774 5096 6319 1193 2657 10297 5039 8244 6929 5171 0 10526 9458 5005 1578 7227 2433 1966 5295 6516 8191
2212 8055 2516 759 6170 6992 5851 10357 8785 927 7471 2880 4577 6265 10526 0 2036 6293 10742 3453 9991 8956 5955 4508 2567
1144 6987 1448 2489 5102 5924 4783 9289 7717 1807 6403 1812 3509 5197 9458 2036 0 5225 9674 2385 8923 7888 4887 3440 1499
4267 2534 4999 6746 649 1471 2086 4836 3264 6064 1950 4011 2696 938 5005 6293 5225 0 5221 2994 4470 3435 1062 2283 3958
8716 3999 9448 11195 4990 5312 6535 539 2873 10513 5255 8460 7145 5387 1578 10742 9674 5221 0 7443 2649 2182 5511 6732 8407
1427 4756 2159 3906 2871 3693 2552 7058 5486 3224 4172 1171 1278 2966 7227 3453 2385 2994 7443 0 6692 5657 2656 1209 1118
7965 3248 8697 10444 4239 4561 5784 2264 2122 9762 4504 7709 6394 4636 2433 9991 8923 4470 2649 6692 0 1431 4760 5981 7656
6930 2213 7662 9409 3204 3526 4749 1797 1087 8727 3469 6674 5359 3601 1966 8956 7888 3435 2182 5657 1431 0 3725 4946 6621
3929 2824 4661 6408 939 1761 1748 5126 3554 5726 2240 3673 2358 1034 5295 5955 4887 1062 5511 2656 4760 3725 0 1945 3620
2482 4045 3214 4961 2160 2982 1841 6347 4775 4279 3461 2226 911 2255 6516 4508 3440 2283 6732 1209 5981 4946 1945 0 2173
541 5720 1273 3020 3835 4657 3516 8022 6450 2338 5136 545 2242 3930 8191 2567 1499 3958 8407 1118 7656 6621 3620 2173 0
