24
15
0 1396 8326 8187 8432 1853 4759 2288 4294 4357 8799 7600 2350 7824 6876 1631 2724 6252 2145 6529 2991 6022 8259 2453
1396 0 8860 8721 8966 2387 5293 2822 4828 4891 9333 8134 2884 8358 7410 2165 2494 6786 1915 7063 3525 6556 8793 2223
8326 8860 0 1425 1328 8375 3875 6814 5902 4829 777 2072 7090 1700 2040 7315 10188 2266 9609 3519 6275 4174 1933 9917
8187 8721 1425 0 1531 8236 3736 6675 5763 4690 1898 1933 6951 1561 1901 7176 10049 2127 9470 3380 6136 4035 1794 9778
8432 8966 1328 1531 0 8481 3981 6920 6008 4935 1801 2178 7196 1806 2146 7421 10294 2372 9715 3625 6381 4280 2039 10023
1853 2387 8375 8236 8481 0 4808 2337 4343 4406 8848 7649 2399 7873 6925 1680 3715 6301 3136 6578 3040 6071 8308 3444
4759 5293 3875 3736 3981 4808 0 3247 2335 1262 4348 3149 3523 3373 2425 3748 6621 1801 6042 2078 2708 1571 3808 6350
2288 2822 6814 6675 6920 2337 3247 0 2782 2845 7287 6088 1052 6312 5364 1277 4150 4740 3571 5017 1479 4510 6747 3879
4294 4828 5902 5763 6008 4343 2335 2782 0 1933 6375 5176 3058 5400 4452 3283 6156 3828 5577 4105 2243 3598 5835 5885
4357 4891 4829 4690 4935 4406 1262 2845 1933 0 5302 4103 3121 4327 3379 3346 6219 2755 5640 3032 2306 2525 4762 5948
8799 9333 777 1898 1801 8848 4348 7287 6375 5302 0 2545 7563 2173 2513 7788 10661 2739 10082 3992 6748 4647 2406 10390
7600 8134 2072 1933 2178 7649 3149 6088 5176 4103 2545 0 6364 1570 1314 6589 9462 1540 8883 2793 5549 3448 2005 9191
2350 2884 7090 6951 7196 2399 3523 1052 3058 3121 7563 6364 0 6588 5640 1339 4212 5016 3633 5293 1755 4786 7023 3941
7824 8358 1700 1561 1806 7873 3373 6312 5400 4327 2173 1570 6588 0 1538 6813 9686 1764 9107 3017 5773 3672 1633 9415
6876 7410 2040 1901 2146 6925 2425 5364 4452 3379 2513 1314 5640 1538 0 5865 8738 816 8159 2069 4825 2724 1973 8467
1631 2165 7315 7176 7421 1680 3748 1277 3283 3346 7788 6589 1339 6813 5865 0 3493 5241 2914 5518 1980 5011 7248 3222
2724 2494 10188 10049 10294 3715 6621 4150 6156 6219 10661 9462 4212 9686 8738 3493 0 8114 1109 8391 4853 7884 10121 1943
6252 6786 2266 2127 2372 6301 1801 4740 3828 2755 2739 1540 5016 1764 816 5241 8114 0 7535 1445 4201 2100 2199 7843
2145 1915 9609 9470 9715 3136 6042 3571 5577 5640 10082 8883 3633 9107 8159 2914 1109 7535 0 7812 4274 7305 9542 1364
6529 7063 3519 3380 3625 6578 2078 5017 4105 3032 3992 2793 5293 3017 2069 5518 8391 1445 7812 0 4478 2377 3452 8120
2991 3525 6275 6136 6381 3040 2708 1479 2243 2306 6748 5549 1755 5773 4825 1980 4853 4201 4274 4478 0 3971 6208 4582
6022 6556 4174 4035 4280 6071 1571 4510 3598 2525 4647 3448 4786 3672 2724 5011 7884 2100 7305 2377 3971 0 4107 7613
8259 8793 1933 1794 2039 8308 3808 6747 5835 4762 2406 2005 7023 1633 1973 7248 10121 2199 9542 3452 6208 4107 0 9850
2453 2223 9917 9778 10023 3444 6350 3879 5885 5948 10390 9191 3941 9415 8467 3222 1943 7843 1364 8120 4582 7613 9850 0
